26
25
24
25
24
23
25
24
23
25
24
23
26
25
24
25
24
23
25
24
23
25
24
23
25
24
23
25
24
23
26
25
24
26
25
24
25
24
23
25
24
23
25
24
23
24
23
22
24
23
22
25
24
23
25
24
23
25
24
23
24
23
22
23
22
21
22
21
20
24
23
22
24
23
22
22
21
20
23
22
21
25
24
23
24
23
22
23
22
21
25
24
23
24
23
22
24
23
22
24
23
22
21
20
19
23
22
21
24
23
22
22
21
20
24
23
22
23
22
21
24
23
22
23
22
21
24
23
22
23
22
21
23
22
21
23
22
21
23
22
21
22
21
20
22
21
20
20
19
18
22
21
20
22
21
20
23
22
21
21
20
19
22
21
20
21
20
19
22
21
20
22
21
20
22
21
20
21
20
19
22
21
20
21
20
19
23
22
21
21
20
19
22
21
20
21
20
19
21
20
19
20
19
18
21
20
19
20
19
18
22
21
20
20
19
18
21
20
19
20
19
18
20
19
18
21
20
19
19
18
17
19
18
17
19
18
17
20
19
18
19
18
17
17
16
15
20
19
18
18
17
16
20
19
18
20
19
18
19
18
17
19
18
17
19
18
17
19
18
17
19
18
17
17
16
15
18
17
16
18
17
16
19
18
17
19
18
17
20
19
18
18
17
16
18
17
16
17
16
15
18
17
16
18
17
16
18
17
16
18
17
16
18
17
16
18
17
16
17
16
15
17
16
15
18
17
16
18
17
16
18
17
16
17
16
15
17
16
15
18
17
16
17
16
15
18
17
16
17
16
15
14
13
12
17
16
15
18
17
16
18
17
16
18
17
16
19
18
17
18
17
16
16
15
14
16
15
14
16
15
14
16
15
14
16
15
14
14
13
12
15
14
13
16
15
14
16
15
14
16
15
14
15
14
13
16
15
14
16
15
14
14
13
12
16
15
14
15
14
13
15
14
13
15
14
13
15
14
13
16
15
14
17
16
15
14
13
12
15
14
13
14
13
12
16
15
14
15
14
13
14
13
12
12
11
10
15
14
13
17
16
15
15
14
13
16
15
14
15
14
13
16
15
14
14
13
12
14
13
12
16
15
14
14
13
12
14
13
12
13
12
11
15
14
13
