0
0
0
0
0
0
0
0
0
0
0
0
0
0
0
0
0
0
0
0
0
0
0
0
0
0
0
0
0
0
0
0
0
0
0
0
0
0
0
0
0
0
0
0
0
0
0
0
0
0
0
0
0
0
0
0
0
0
0
0
0
0
0
0
2
2
2
5
5
5
11
11
11
15
15
15
19
19
19
22
22
22
26
26
26
30
30
30
35
35
35
38
37
36
35
34
33
32
31
30
29
28
27
26
25
24
23
22
21
21
20
19
18
17
17
16
15
15
14
13
12
11
10
9
8
7
6
5
4
3
2
1
0
2
1
0
3
3
2
5
4
3
6
5
4
6
5
5
9
8
7
12
11
10
13
12
11
12
11
10
15
14
13
17
16
15
18
17
16
20
19
18
21
20
19
21
20
19
24
23
22
25
24
23
26
25
24
28
27
26
29
28
27
31
30
29
33
32
31
31
30
29
28
27
26
25
24
23
22
22
21
20
19
18
17
16
15
14
13
12
11
10
9
8
7
6
5
4
3
2
1
0
2
1
0
4
3
2
5
4
3
6
5
4
8
7
6
10
9
8
11
10
9
11
10
9
11
10
9
13
12
11
14
14
13
16
16
15
18
17
17
19
18
17
21
20
19
22
21
20
23
22
21
24
24
23
26
25
24
28
27
27
31
30
29
31
30
29
28
27
26
25
25
24
23
22
21
20
19
18
17
16
15
14
13
12
11
10
9
8
7
6
5
4
3
2
1
0
1
0
0
3
2
2
5
4
3
6
5
4
7
6
5
8
7
6
11
10
9
12
11
10
12
11
10
14
13
12
15
14
13
17
17
16
19
18
18
21
20
19
22
21
20
24
23
22
25
24
23
25
24
23
26
25
24
27
26
25
29
28
27
30
29
28
28
27
26
25
24
23
22
21
20
19
18
18
17
16
16
15
14
13
12
11
11
10
9
8
7
6
5
4
4
3
2
1
0
5
4
3
6
5
4
7
6
5
8
7
6
7
6
5
10
10
9
14
13
12
15
14
13
16
15
14
18
17
16
20
19
18
20
19
18
22
21
20
23
22
21
24
23
22
25
24
23
27
26
25
29
28
28
31
30
29
29
28
27
26
25
24
23
22
21
20
19
18
17
16
15
14
13
12
11
10
9
8
7
6
5
4
3
2
2
1
2
2
1
4
3
2
5
4
3
7
6
5
9
8
7
10
9
8
11
10
9
12
11
10
13
12
11
14
13
13
16
15
14
17
16
15
19
18
17
19
18
17
21
20
20
22
21
20
24
23
22
25
24
23
27
27
26
29
28
27
32
31
30
31
30
29
28
27
27
26
25
24
23
22
21
20
19
18
17
16
15
14
13
12
11
10
9
