0
0
0
0
0
0
0
0
0
0
0
0
0
0
0
0
0
0
0
0
0
0
0
0
0
0
0
0
0
0
0
0
0
0
0
0
0
0
0
0
0
0
0
0
0
0
0
0
0
0
0
0
0
0
0
0
0
0
0
0
0
0
0
0
3
3
3
8
8
8
13
13
13
17
17
17
21
21
21
26
26
26
30
30
30
35
35
35
37
37
37
36
35
34
33
32
31
30
29
28
27
26
25
24
23
22
21
20
19
18
17
16
15
14
13
12
11
10
9
8
7
6
5
4
3
2
1
2
1
0
3
2
1
5
4
3
6
5
4
8
7
6
10
9
8
11
10
9
13
12
11
14
13
12
14
13
12
16
15
14
17
16
15
19
18
17
19
18
18
21
20
19
21
20
19
22
21
20
24
23
22
25
24
23
26
25
24
29
28
27
31
30
29
31
31
30
29
29
28
27
26
25
24
23
22
21
20
19
18
17
16
15
14
13
12
11
10
9
8
7
6
5
4
3
2
1
2
1
0
3
2
1
4
3
2
6
5
4
7
6
5
9
8
7
10
9
8
12
11
10
13
12
11
14
13
12
16
15
14
18
17
16
19
18
17
20
19
18
21
20
19
22
21
20
23
22
21
25
24
23
26
25
24
28
27
26
29
28
27
30
29
28
29
28
27
26
26
25
24
23
22
21
20
19
18
17
16
15
14
13
12
11
10
10
9
8
7
6
5
4
3
2
1
0
0
3
2
1
5
4
3
6
5
4
7
6
5
8
7
6
8
7
6
10
9
8
11
10
10
14
13
12
14
13
13
18
17
16
19
18
17
21
20
19
22
21
20
24
23
22
26
25
24
27
26
25
28
27
26
30
29
28
29
28
27
26
25
24
23
22
21
20
19
18
17
16
15
14
13
12
11
10
9
8
7
6
5
4
3
2
1
0
2
1
0
3
2
1
4
4
3
7
6
5
8
7
6
10
9
8
11
10
9
13
12
11
15
14
13
16
15
14
17
16
15
19
18
17
19
18
17
21
20
19
22
21
20
24
23
22
25
24
23
27
26
25
27
27
26
30
29
28
29
28
27
26
25
24
23
22
21
20
19
18
17
16
15
14
13
12
11
10
9
8
7
7
6
5
4
3
2
1
2
1
0
4
3
2
5
4
3
6
5
4
7
6
5
10
9
8
12
11
10
13
12
11
14
13
12
16
15
14
16
15
14
17
16
15
20
19
18
21
20
19
22
21
20
23
22
21
25
24
23
26
25
24
27
26
25
29
28
27
30
29
28
30
29
28
27
27
26
25
25
24
23
22
21
20
19
18
17
16
15
14
13
12
11
10
9
8
7
6
5
4
3
2
1
0
2
1
0
